energy,intensity
10.063,0.0029636363636363636
10.0632,0.06909090909090909
10.0703,0.0013727272727272726
10.075,0.00084
10.17,0.002577
10.172,0.06
10.2,6.7e-05
10.227999999999998,0.006218181818181818
10.230400000000001,0.6272727272727273
10.260000000000002,0.0001
10.268,0.06
10.27,0.002577
10.3,6.7e-05
10.382399999999999,0.0030172727272727274
10.387,0.0017836363636363635
10.42,0.0001909090909090909
10.4336,0.06909090909090909
10.434000000000001,0.0029636363636363636
10.4856,0.0013727272727272726
10.489999999999998,0.00084
10.804,0.06909090909090909
10.805000000000001,0.0029636363636363636
10.866999999999997,0.006218181818181818
10.869600000000002,0.6272727272727273
10.890000000000002,0.0001
10.9009,0.0013727272727272726
10.904999999999998,0.00084
10.99,0.002648
10.994,0.11583636363636364
11.0,0.00010970000000000001
11.01,0.000723
11.014,0.001222
11.1,9.730000000000001e-05
11.109799999999998,0.0030172727272727274
11.114,0.0017836363636363635
11.129,0.001222
11.13,0.000723
11.14,0.0001909090909090909
11.1744,0.06909090909090909
11.176000000000002,0.0029636363636363636
11.3162,0.0013727272727272726
11.319999999999997,0.00084
11.361,0.00214
11.3644,0.09363636363636364
11.505999999999997,0.006218181818181818
11.508800000000003,0.6272727272727273
11.520000000000003,0.0001
11.5448,0.06909090909090909
11.547000000000002,0.0029636363636363636
11.7315,0.0013727272727272726
11.732000000000001,0.00214
11.7348,0.09363636363636364
11.734999999999996,0.00084
11.8,0.00058
11.81,0.02263
11.810,0.53
11.837199999999998,0.0030172727272727274
11.841000000000001,0.0017836363636363635
11.860000000000001,0.0001909090909090909
11.9,1.31e-05
11.9152,0.06909090909090909
11.918000000000003,0.0029636363636363636
11.93,0.1366587272727273
11.930,0.53
12.08,0.0005779181818181818
12.083,0.0014094363636363637
12.1,1.958e-05
12.103000000000002,0.00214
12.1052,0.09363636363636364
12.144999999999996,0.006218181818181818
12.1468,0.0013727272727272726
12.148000000000003,0.6272727272727273
12.149999999999995,0.00084
12.150000000000004,0.0001
12.2,0.00047000000000000004
12.21,0.01847
12.214,0.81
12.251,0.0006909090909090909
12.253,0.0006909090909090909
12.255,0.0006909090909090909
12.257000000000001,0.0006909090909090909
12.259000000000002,0.0006909090909090909
12.261000000000003,0.0006909090909090909
12.263000000000003,0.0006909090909090909
12.265000000000004,0.0006909090909090909
12.267000000000005,0.0006909090909090909
12.269000000000005,0.0006909090909090909
12.270999999999999,0.0001681818181818182
12.271000000000006,0.0006909090909090909
12.2714,0.13545454545454547
12.2856,0.06909090909090909
12.289000000000003,0.0029636363636363636
12.389,0.59
12.39,0.0011589999999999999
12.4,1.46e-05
12.474000000000002,0.00214
12.4756,0.09363636363636364
12.496,0.0004318181818181818
12.4983,0.0011336363636363636
12.5,0.000134
12.52,0.00506
12.523,0.119
12.562100000000001,0.0013727272727272726
12.564599999999997,0.0030172727272727274
12.564999999999994,0.00084
12.568000000000001,0.0017836363636363635
12.580000000000002,0.0001909090909090909
12.611999999999998,0.0001681818181818182
12.6128,0.13545454545454547
12.641,0.00014636363636363637
12.6412,0.00014636363636363637
12.641399999999999,0.00014636363636363637
12.641599999999999,0.00014636363636363637
12.641799999999998,0.00014636363636363637
12.641999999999998,0.00014636363636363637
12.642199999999997,0.00014636363636363637
12.642399999999997,0.00014636363636363637
12.642599999999996,0.00014636363636363637
12.642799999999996,0.00014636363636363637
12.642999999999995,0.00014636363636363637
12.65,0.000613
12.650,0.0144
12.656,0.06909090909090909
12.660000000000004,0.0029636363636363636
12.7,1.55e-05
12.780000000000005,0.0001
12.783999999999995,0.006218181818181818
12.787200000000004,0.6272727272727273
12.8,0.0008525000000000001
12.82,0.00634
12.822,0.01073
12.845000000000002,0.00214
12.846,0.09363636363636364
12.912,0.0004318181818181818
12.9136,0.0011336363636363636
12.952999999999998,0.0001681818181818182
12.9542,0.13545454545454547
12.977400000000001,0.0013727272727272726
12.979999999999993,0.00084
13.085,0.0006357272727272727
13.09,0.00032740000000000004
13.1,4.346e-05
13.216000000000003,0.00214
13.2164,0.09363636363636364
13.291999999999996,0.0030172727272727274
13.293999999999997,0.0001681818181818182
13.295000000000002,0.0017836363636363635
13.2956,0.13545454545454547
13.300000000000002,0.0001909090909090909
13.328000000000001,0.0004318181818181818
13.3289,0.0011336363636363636
13.392700000000001,0.0013727272727272726
13.394999999999992,0.00084
13.4,0.0007083
13.410000000000005,0.0001
13.422999999999995,0.006218181818181818
13.426400000000005,0.6272727272727273
13.44,0.00528
13.442,0.009980000000000001
13.4694,0.00011272727272727272
13.5868,0.09363636363636364
13.587000000000003,0.00214
13.6,0.00024029000000000002
13.634999999999996,0.0001681818181818182
13.635,0.002444
13.636,0.000553
13.637,0.13545454545454547
13.64,0.0017938000000000001
13.744000000000002,0.0004318181818181818
13.744200000000001,0.0011336363636363636
13.796,0.0003632
13.8,2.821e-05
13.80,0.000215
13.808000000000002,0.0013727272727272726
13.809999999999992,0.00084
13.85,0.0001314
13.852,0.0058
13.8538,0.00011272727272727272
13.9,3.2999999999999997e-06
13.9572,0.09363636363636364
13.958000000000004,0.00214
13.975999999999996,0.0001681818181818182
13.9784,0.13545454545454547
14.019399999999996,0.0030172727272727274
14.020000000000003,0.0001909090909090909
14.022000000000002,0.0017836363636363635
14.040000000000006,0.0001
14.061999999999994,0.006218181818181818
14.065600000000005,0.6272727272727273
14.159500000000001,0.0011336363636363636
14.160000000000002,0.0004318181818181818
14.238199999999999,0.00011272727272727272
14.29,0.003922
14.293,0.172
14.3,0.000102
14.316999999999995,0.0001681818181818182
14.3198,0.13545454545454547
14.3276,0.09363636363636364
14.329000000000004,0.00214
14.565,0.172
14.57,0.003922
14.574800000000002,0.0011336363636363636
14.576000000000002,0.0004318181818181818
14.6,0.0001054
14.62,0.0002715
14.622599999999998,0.00011272727272727272
14.624,0.139
14.657999999999994,0.0001681818181818182
14.661200000000001,0.13545454545454547
14.670000000000007,0.0001
14.68,0.000494
14.683,0.0216
14.69,4.7e-06
14.692,0.00021
14.698,0.09363636363636364
14.7,1.652e-05
14.700000000000005,0.00214
14.700999999999993,0.006218181818181818
14.704800000000006,0.6272727272727273
14.735,0.171
14.74,0.00033319999999999997
14.740000000000004,0.0001909090909090909
14.746799999999995,0.0030172727272727274
14.749000000000002,0.0017836363636363635
14.990100000000002,0.0011336363636363636
14.992000000000003,0.0004318181818181818
14.998999999999993,0.0001681818181818182
15.002600000000001,0.13545454545454547
15.006999999999998,0.00011272727272727272
15.25,3.881e-05
15.250,7.309999999999999e-05
15.252,0.005363636363636363
15.253900000000002,0.005363636363636363
15.2558,0.005363636363636363
15.2577,0.005363636363636363
15.259599999999999,0.005363636363636363
15.261499999999998,0.005363636363636363
15.263399999999997,0.005363636363636363
15.265299999999996,0.005363636363636363
15.267199999999995,0.005363636363636363
15.269099999999995,0.005363636363636363
15.270999999999994,0.005363636363636363
15.3,5.142e-06
15.300000000000008,0.0001
15.339999999999993,0.006386363636363636
15.344000000000001,0.13545454545454547
15.344000000000007,0.6272727272727273
15.391399999999997,0.00011272727272727272
15.405400000000002,0.0011336363636363636
15.408000000000003,0.0004318181818181818
15.460000000000004,0.0001909090909090909
15.474199999999994,0.0030172727272727274
15.476000000000003,0.0017836363636363635
15.7,0.00015822999999999998
15.74,0.001158
15.741,0.002179
15.775799999999997,0.00011272727272727272
15.820700000000002,0.0011336363636363636
15.824000000000003,0.0004318181818181818
16.06,0.001158
16.063,0.002179
16.079,0.0001396
16.08,8.71e-05
16.1,0.000170207
16.160199999999996,0.00011272727272727272
16.180000000000003,0.0001909090909090909
16.2,3.68241e-05
16.20,0.0001761
16.201599999999996,0.0030172727272727274
16.203,0.0003324
16.203000000000003,0.0017836363636363635
16.21,0.0001023
16.213,0.000164
16.22,1.41e-06
16.224,2.6e-06
16.236,0.0011336363636363636
16.240000000000002,0.0004318181818181818
16.544599999999996,0.00011272727272727272
16.900000000000002,0.0001909090909090909
16.928999999999995,0.00313
16.930000000000003,0.0017836363636363635
70.8,0.0013700000000000001
70.83,0.053399999999999996
72.87,0.0901
72.9,0.00236
76.86,0.01409
76.862,0.02305
76.9,0.001831
79.29,0.0235
79.290,0.038349999999999995
79.3,0.003055
8.95,0.010493818181818182
8.952,0.7273636363636364
82.12,0.006404545454545454
82.22200000000001,0.002790909090909091
82.32400000000001,0.002790909090909091
82.423,0.0036136363636363636
82.42600000000002,0.002790909090909091
82.52800000000002,0.002790909090909091
82.63000000000002,0.002790909090909091
82.726,0.0036136363636363636
82.73200000000003,0.002790909090909091
82.83400000000003,0.002790909090909091
82.93600000000004,0.002790909090909091
83.029,0.0036136363636363636
83.03800000000004,0.002790909090909091
83.14000000000004,0.002790909090909091
83.332,0.0036136363636363636
83.63499999999999,0.0036136363636363636
83.93799999999999,0.0036136363636363636
84.24099999999999,0.0036136363636363636
84.54399999999998,0.0036136363636363636
84.81,0.0008272727272727273
84.821,0.0008272727272727273
84.832,0.0008272727272727273
84.84299999999999,0.0008272727272727273
84.84699999999998,0.0036136363636363636
84.85399999999998,0.0008272727272727273
84.86499999999998,0.0008272727272727273
84.87599999999998,0.0008272727272727273
84.88699999999997,0.0008272727272727273
84.89799999999997,0.0008272727272727273
84.90899999999996,0.0008272727272727273
84.91999999999996,0.0008272727272727273
85.14999999999998,0.0036136363636363636
89.25,0.0016981818181818183
89.254,0.0026845454545454546
89.3,0.0001
89.367,0.0007354545454545455
89.3705,0.0011636363636363637
89.48400000000001,0.0007354545454545455
89.48700000000001,0.0011636363636363637
89.588,0.0009627272727272728
89.59140000000001,0.001520909090909091
89.60100000000001,0.0007354545454545455
89.60350000000001,0.0011636363636363637
89.63,0.0001
89.71800000000002,0.0007354545454545455
89.72000000000001,0.0011636363636363637
89.83500000000002,0.0007354545454545455
89.83650000000002,0.0011636363636363637
89.92599999999999,0.0009627272727272728
89.92880000000001,0.001520909090909091
89.95200000000003,0.0007354545454545455
89.95300000000002,0.0011636363636363637
89.96,0.0001
9.0,0.0001339
9.321,0.0029636363636363636
9.3224,0.06909090909090909
9.588999999999999,0.006218181818181818
9.5912,0.6272727272727273
9.63,0.0001
9.655,0.005041
9.66,0.0030086363636363635
9.692,0.0029636363636363636
9.6928,0.06909090909090909
9.7,0.0002421690909090909
90.06900000000003,0.0007354545454545455
90.06950000000002,0.0011636363636363637
90.18600000000002,0.0011636363636363637
90.18600000000004,0.0007354545454545455
90.26399999999998,0.0009627272727272728
90.26620000000001,0.001520909090909091
90.28999999999999,0.0001
90.30250000000002,0.0011636363636363637
90.30300000000004,0.0007354545454545455
90.41900000000003,0.0011636363636363637
90.42000000000004,0.0007354545454545455
90.60199999999998,0.0009627272727272728
90.60360000000001,0.001520909090909091
90.61999999999999,0.0001
90.93999999999997,0.0009627272727272728
90.94100000000002,0.001520909090909091
90.94999999999999,0.0001
91.27799999999996,0.0009627272727272728
91.27840000000002,0.001520909090909091
91.27999999999999,0.0001
91.60999999999999,0.0001
91.61580000000002,0.001520909090909091
91.61599999999996,0.0009627272727272728
91.93999999999998,0.0001
91.95320000000002,0.001520909090909091
91.95399999999995,0.0009627272727272728
92.248,0.00032181818181818185
92.25,0.0001590909090909091
92.26140000000001,0.00032181818181818185
92.263,0.0001590909090909091
92.26999999999998,0.0001
92.27480000000001,0.00032181818181818185
92.27600000000001,0.0001590909090909091
92.28820000000002,0.00032181818181818185
92.28900000000002,0.0001590909090909091
92.29060000000003,0.001520909090909091
92.29199999999994,0.0009627272727272728
92.30160000000002,0.00032181818181818185
92.30200000000002,0.0001590909090909091
92.31500000000003,0.000480909090909091
92.32800000000003,0.0001590909090909091
92.32840000000003,0.00032181818181818185
92.34100000000004,0.0001590909090909091
92.34180000000003,0.00032181818181818185
92.35400000000004,0.0001590909090909091
92.35520000000004,0.00032181818181818185
92.36700000000005,0.0001590909090909091
92.36860000000004,0.00032181818181818185
92.38000000000005,0.0001590909090909091
92.38200000000005,0.00032181818181818185
92.59999999999998,0.0001
92.62800000000003,0.001520909090909091
92.62999999999994,0.0009627272727272728
