energy,intensity
9.419,1.4818090909090909
9.42,0.029679172727272725
9.819,0.33545454545454545
9.82,0.00819909090909091
10.116,0.9954545454545454
10.117,0.017688181818181818
10.219000000000001,0.33545454545454545
10.22,0.00819909090909091
10.619000000000002,0.33545454545454545
10.620000000000001,0.00819909090909091
10.73,0.296242
10.812999999999999,0.9954545454545454
10.814,0.017688181818181818
10.838,0.289
10.84,0.007242
11.019000000000002,0.33545454545454545
11.020000000000001,0.00819909090909091
11.419000000000002,0.33545454545454545
11.420000000000002,0.00819909090909091
11.509999999999998,0.9954545454545454
11.511,0.017688181818181818
11.71,0.007484807272727273
11.712,0.3397454545454546
11.819000000000003,0.33545454545454545
11.820000000000002,0.00819909090909091
12.110000000000001,0.0060227272727272725
12.112,0.27454545454545454
12.206999999999997,0.9954545454545454
12.207999999999998,0.017688181818181818
12.219000000000003,0.33545454545454545
12.220000000000002,0.00819909090909091
12.48,2.603595
12.510000000000002,0.0060227272727272725
12.512,0.27454545454545454
12.619000000000003,0.33545454545454545
12.620000000000003,0.00819909090909091
12.69,0.003917427272727272
12.692,0.5022454545454546
12.903999999999996,0.9954545454545454
12.904999999999998,0.017688181818181818
12.910000000000002,0.0060227272727272725
12.912,0.27454545454545454
12.954,0.0034454545454545454
12.9564,0.0034454545454545454
12.9588,0.0034454545454545454
12.9612,0.0034454545454545454
12.9636,0.0034454545454545454
12.966,0.0034454545454545454
12.968399999999999,0.0034454545454545454
12.970799999999999,0.0034454545454545454
12.973199999999999,0.0034454545454545454
12.975599999999998,0.0034454545454545454
12.977999999999998,0.0034454545454545454
13.019000000000004,0.33545454545454545
13.02,0.052654
13.020000000000003,0.00819909090909091
13.023,2.3529999999999998
13.059999999999999,0.0007327272727272727
13.0617,0.10144545454545455
13.21,0.0034253
13.211,0.43110000000000004
13.259,0.576
13.26,0.014423700000000001
13.310000000000002,0.0060227272727272725
13.312000000000001,0.27454545454545454
13.392,0.0006509090909090909
13.392199999999999,0.0006509090909090909
13.392399999999999,0.0006509090909090909
13.392599999999998,0.0006509090909090909
13.392799999999998,0.0006509090909090909
13.392999999999997,0.0006509090909090909
13.393199999999997,0.0006509090909090909
13.393399999999996,0.0006509090909090909
13.393599999999996,0.0006509090909090909
13.393799999999995,0.0006509090909090909
13.393999999999995,0.0006509090909090909
13.408,0.08059999999999999
13.41,0.0020173400000000003
13.419000000000004,0.33545454545454545
13.420000000000003,0.00819909090909091
13.43,0.0007327272727272727
13.4314,0.10144545454545455
13.600999999999996,0.9954545454545454
13.601999999999997,0.017688181818181818
13.710000000000003,0.0060227272727272725
13.712000000000002,0.27454545454545454
13.8,0.0007327272727272727
13.8011,0.10144545454545455
14.110000000000003,0.0060227272727272725
14.112000000000002,0.27454545454545454
14.170000000000002,0.0007327272727272727
14.1708,0.10144545454545455
14.297999999999995,0.9954545454545454
14.298999999999996,0.017688181818181818
14.510000000000003,0.0060227272727272725
14.512000000000002,0.27454545454545454
14.540000000000003,0.0007327272727272727
14.5405,0.10144545454545455
14.77,0.00038558
14.773,0.01722
14.910000000000004,0.006755454545454545
14.9102,0.10144545454545455
14.912000000000003,0.27454545454545454
14.994999999999994,0.9954545454545454
14.995999999999995,0.017688181818181818
15.247,0.508
15.25,0.0114342
15.2799,0.10144545454545455
15.280000000000005,0.0007327272727272727
15.310000000000004,0.0060227272727272725
15.312000000000003,0.27454545454545454
15.55,0.0114342
15.552,0.508
15.58,0.0008431900000000001
15.583,0.10605
15.6496,0.10144545454545455
15.650000000000006,0.0007327272727272727
15.685,0.0736
15.69,0.00165624
15.691999999999993,0.9954545454545454
15.692999999999994,0.017688181818181818
15.7,1.3595e-05
15.701,0.0006000000000000001
15.709,0.12631
15.71,0.00100473
15.710000000000004,0.0060227272727272725
15.712000000000003,0.27454545454545454
16.0193,0.10144545454545455
16.020000000000007,0.0007327272727272727
16.271,0.004241818181818182
16.273400000000002,0.004241818181818182
16.275800000000004,0.004241818181818182
16.278200000000005,0.004241818181818182
16.280600000000007,0.004241818181818182
16.28300000000001,0.004241818181818182
16.28540000000001,0.004241818181818182
16.28780000000001,0.004241818181818182
16.290200000000013,0.004241818181818182
16.292600000000014,0.004241818181818182
16.295000000000016,0.004241818181818182
16.388999999999992,0.9954545454545454
16.389,0.002898
16.389000000000003,0.10144545454545455
16.389999999999993,0.017688181818181818
16.39,2.2955e-05
16.390000000000008,0.0007327272727272727
74.815,5.07
74.82,0.143689
77.108,8.49
77.11,0.24040999999999998
86.83,0.6268790909090909
86.9416,0.26454545454545453
86.942,0.007318181818181817
87.05319999999999,0.26454545454545453
87.05399999999999,0.007318181818181817
87.15559999999999,0.34545454545454546
87.156,0.009560909090909092
87.16479999999999,0.26454545454545453
87.16599999999998,0.007318181818181817
87.27639999999998,0.26454545454545453
87.27799999999998,0.007318181818181817
87.38799999999998,0.26454545454545453
87.38999999999997,0.007318181818181817
87.48119999999999,0.34545454545454546
87.482,0.009560909090909092
87.49959999999997,0.26454545454545453
87.50199999999997,0.007318181818181817
87.61119999999997,0.26454545454545453
87.61399999999996,0.007318181818181817
87.72279999999996,0.26454545454545453
87.72599999999996,0.007318181818181817
87.80679999999998,0.34545454545454546
87.80799999999999,0.009560909090909092
87.83439999999996,0.26454545454545453
87.83799999999995,0.007318181818181817
87.94599999999996,0.26454545454545453
87.94999999999995,0.007318181818181817
88.13239999999998,0.34545454545454546
88.13399999999999,0.009560909090909092
88.45799999999997,0.34545454545454546
88.45999999999998,0.009560909090909092
88.78359999999996,0.34545454545454546
88.78599999999997,0.009560909090909092
89.10919999999996,0.34545454545454546
89.11199999999997,0.009560909090909092
89.43479999999995,0.34545454545454546
89.43799999999996,0.009560909090909092
89.72,0.002242727272727273
89.721,0.08136363636363636
89.733,0.002242727272727273
89.7336,0.08136363636363636
89.74600000000001,0.002242727272727273
89.74619999999999,0.08136363636363636
89.75879999999998,0.08136363636363636
89.75900000000001,0.002242727272727273
89.76039999999995,0.34545454545454546
89.76399999999995,0.009560909090909092
89.77139999999997,0.08136363636363636
89.77200000000002,0.002242727272727273
89.78399999999996,0.08136363636363636
89.78500000000003,0.002242727272727273
89.79659999999996,0.08136363636363636
89.79800000000003,0.002242727272727273
89.80919999999995,0.08136363636363636
89.81100000000004,0.002242727272727273
89.82179999999994,0.08136363636363636
89.82400000000004,0.002242727272727273
89.83439999999993,0.08136363636363636
89.83700000000005,0.002242727272727273
89.84699999999992,0.08136363636363636
89.85000000000005,0.002242727272727273
90.08599999999994,0.34545454545454546
90.08999999999995,0.009560909090909092
